X1	Y1	Z1	T1	VX1	VY1	DEM_ID1	X2	Y2	Z2	T2	VX2	VY2	DEM_ID2
-831798.8803	866547.8185	406.961029	2019.271233	0	0	-1	-831811.3588	866556.5789	403.70955	2016.835616	0	0	1
-831966.1537	862731.4759	466.596527	2019.246575	0	0	-1	-831972.2344	862735.7531	463.361467	2016.835616	0	0	1
-881351.4678	899722.4641	441.773071	2019.246575	0	0	-1	-881349.6655	899719.7807	438.512	2016.835616	0	0	1
-869552.8712	896410.0157	269.473978	2019.246575	0	0	-1	-869552.4711	896409.3991	266.420167	2016.835616	0	0	1
-882455.4478	897755.2057	465.820831	2019.441096	0	0	-1	-882464.9588	897769.2892	462.776733	2016.835616	0	0	1
-870072.1701	889365.959	229.708038	2019.441096	0	0	-1	-870073.5237	889366.914	226.6974	2016.835616	0	0	1
-730386.8797	1001189.551	220.777467	2016.835616	0	0	14	-730385.8865	1001187.423	220.240311	2019.410959	0	0	-1	1
-739248.4316	1019682.951	300.238	2016.835616	0	0	14	-739248.9213	1019683.993	299.895935	2019.410959	0	0	-1	1
-739001.5917	1030218.492	451.222667	2016.835616	0	0	14	-739001.3693	1030218.019	450.656982	2019.320548	0	0	-1	1
-724655.1249	998416.9882	251.8104	2016.835616	0	0	14	-724662.9433	998424.3609	251.365509	2019.624658	0	0	-1	1
-729266.7745	1007307.268	304.25146	2016.835616	0	0	14	-729268.7671	1007309.132	303.785583	2019.624658	0	0	-1	1
-738755.2319	1016225.793	270.303417	2016.835616	0	0	14	-738757.3413	1016227.778	269.905243	2019.624658	0	0	-1	1
